65 65 392 65 696
65 871 419 65 65
183 3 65 219 65
290 227 726 4 185
30 696 451 65 4
39 760 373 217 61
65 563 65 65 65
14 65 548 451 65
65 65 65 65 65
65 65 493 62 653
219 4 65 65 451
699 367 574 65 65
65 254 180 392 609
422 63 65 65 3
65 4 65 260 697
4 65 506 65 66
61 63 65 63 395
185 473 4 65 63
65 4 65 9 451
390 65 101 65 871
482 65 63 65 642
4 316 820 420 63
65 876 65 65 91
875 65 65 201 16
65 63 182 65 91
871 642 769 11 683
288 444 65 4 39
391 65 871 349 62
426 4 61 65 65
473 219 65 65 413
3 69 65 444 65
166 636 150 65 4
37 65 65 194 92
65 505 65 65 123
870 3 65 65 65
65 451 65 792 35
360 65 8 369 65
653 2 262 65 422
658 185 65 65 65
65 65 726 65 883
65 8 63 391 479
288 65 65 4 10
61 65 219 65 648
253 278 65 249 672
65 203 65 65 700
65 611 37 65 308
194 4 65 65 65
65 65 65 13 760
392 462 798 236 390
37 65 4 3 561
65 65 65 41 65
4 301 229 65 63
72 462 151 65 229
451 65 398 420 847
65 65 65 65 32
203 62 61 66 567
66 65 4 279 289
65 65 65 65 480
271 65 848 882 8
194 65 11 420 65
65 61 65 65 65
696 4 65 728 65
288 65 65 65 65
399 804 878 412 3
63 65 642 65 65
65 307 62 65 65
65 667 65 65 390
421 642 65 65 65
14 65 65 297 699
65 11 100 4 37
4 816 227 891 652
802 694 63 65 65
4 800 362 34 65
3 618 65 4 288
65 61 3 203 3
154 871 65 4 14
65 73 65 65 91
131 65 65 157 422
3 65 786 264 65
65 65 897 72 63
65 65 65 65 653
390 65 878 4 69
196 430 39 843 61
528 94 669 272 709
65 476 3 398 65
65 422 65 151 878
65 699 792 609 65
69 63 351 65 4
65 65 422 7 669
790 65 694 157 253
65 65 65 65 825
63 65 839 66 65
183 63 316 65 694
219 65 65 451 65
65 64 65 65 65
871 133 150 330 65
11 65 123 65 728
65 288 65 65 65
61 65 413 195 65
65 520 65 65 548
288 410 3 3 65
65 219 407 65 650
151 785 473 480 65
65 65 65 4 887
4 65 391 307 300
393 468 63 402 792
65 4 207 8 65
473 65 420 65 65
4 65 4 786 65
309 299 65 695 878
696 65 871 65 399
151 4 65 838 65
392 65 308 65 65
65 248 65 819 672
333 101 4 91 65
4 65 4 61 65
399 157 314 653 65
724 652 166 65 333
121 889 211 194 355
65 4 157 65 65
65 65 387 817 690
91 653 34 65 65
65 642 301 65 749
65 65 65 355 37
314 65 65 827 63
481 65 596 65 260
65 65 725 758 65
65 601 65 309 3
66 65 391 3 65
203 410 65 65 65
65 65 867 157 612
251 390 260 65 698
391 697 65 65 219
65 875 726 65 65
420 91 4 39 38
63 65 245 363 65
89 65 61 65 309
260 668 245 65 65
3 65 413 684 65
65 65 221 450 609
690 882 618 698 65
65 185 65 505 871
64 361 308 187 430
65 392 724 65 65
58 3 65 65 65
420 65 65 16 677
65 420 65 769 3
399 65 4 133 482
577 159 65 65 728
288 65 871 482 654
6 355 678 65 65
65 65 710 703 65
65 65 65 65 65
65 4 65 65 65
413 278 11 393 355
65 98 14 305 61
65 65 390 541 23
65 3 65 65 698
65 274 473 420 61
65 343 274 355 65
107 560 422 203 162
65 63 258 219 450
451 65 368 219 422
738 4 65 181 65
65 65 65 870 413
211 65 65 63 420
16 65 390 65 7
65 653 65 91 219
3 65 473 473 3
66 65 65 65 65
4 256 65 851 65
451 65 327 151 870
65 203 65 65 455
683 65 297 65 64
584 451 65 743 174
65 66 757 130 399
65 778 4 93 834
65 343 55 98 390
256 868 673 65 871
353 750 39 420 653
66 420 65 13 65
65 65 219 65 197
65 889 65 10 392
65 65 305 65 62
65 65 65 3 419
648 3 66 65 65
61 887 65 65 696
629 62 422 65 399
65 412 133 63 3
65 65 8 392 744
65 490 65 729 398
3 65 65 1 70
309 481 256 91 65
4 65 65 790 65
390 2 652 65 712
65 69 4 690 65
65 65 760 65 65
91 288 245 207 65
65 65 820 65 8
65 65 65 65 65
3 399 65 374 73
143 65 639 65 65
65 750 871 288 65
185 65 343 65 185
758 37 2 410 258
668 713 65 545 65
444 65 122 65 77
65 3 65 65 513
65 65 65 65 219
65 61 4 65 288
678 63 143 66 540
376 65 810 65 14
422 895 875 256 65
65 430 65 218 65
65 65 3 690 834
65 65 466 3 38
65 774 65 65 219
65 37 219 827 4
65 65 65 61 612
65 65 195 98 4
724 65 3 66 65
413 65 65 65 770
65 65 877 875 4
65 65 109 65 3
65 367 647 65 3
65 38 65 58 451
696 392 571 699 672
4 65 194 288 65
65 65 227 278 653
65 185 696 65 65
829 197 392 65 153
84 63 728 65 867
611 4 876 65 653
65 219 65 757 69
152 65 451 65 188
65 67 652 187 65
65 65 677 135 875
4 743 412 37 133
65 63 65 65 91
65 822 3 690 390
642 639 698 398 699
69 473 65 65 264
473 690 378 93 577
61 391 4 65 151
65 65 521 65 395
151 65 420 65 668
66 4 65 65 654
316 728 65 65 473
508 157 360 451 627
483 201 65 65 629
219 451 65 353 248
65 63 829 219 65
871 65 4 65 119
65 767 790 394 65
65 361 63 436 65
312 4 612 65 61
452 810 2 3 65
65 65 288 39 65
3 91 612 65 7
93 201 391 817 3
483 65 219 65 65
459 65 121 65 65
447 65 194 62 185
413 725 569 244 654
577 65 65 2 65
91 219 413 65 16
65 305 16 11 69
698 731 37 54 37
65 710 97 65 256
3 3 65 420 4
65 642 65 98 65
65 288 332 65 143
288 4 91 697 391
392 65 51 708 728
65 444 309 65 65
65 13 62 35 309
65 65 2 2 65
481 65 65 65 650
98 39 65 726 218
672 65 288 871 65
742 39 629 65 5
65 65 65 98 399
65 4 451 65 65
65 4 883 65 65
65 420 66 871 65
473 61 696 3 219
65 63 65 65 460
584 876 258 817 65
65 690 3 666 65
65 61 413 121 65
65 246 65 369 65
420 65 65 65 91
438 653 2 65 253
222 65 65 65 426
65 363 455 712 65
4 65 485 450 363
63 65 65 65 6
65 65 65 65 65
65 422 453 63 333
4 672 4 98 65
4 609 690 258 810
473 368 58 65 636
765 125 451 65 669
93 75 729 69 65
623 618 65 451 65
288 65 181 650 65
65 37 65 99 451
413 413 65 157 91
272 288 65 3 422
65 65 218 242 65
11 259 65 65 65
473 361 752 227 65
143 490 392 61 891
451 393 871 451 391
261 473 743 65 724
420 65 412 14 473
488 696 65 65 876
247 65 13 633 830
65 4 65 65 362
288 65 363 65 332
65 65 65 65 222
308 876 65 420 65
533 169 65 404 65
65 65 65 73 65
65 65 65 137 481
506 399 814 8 577
399 697 65 65 390
65 3 65 653 392
65 3 65 151 709
37 65 652 412 217
65 3 65 65 65
65 700 527 391 668
65 65 422 393 65
157 65 65 3 93
349 65 422 698 65
65 66 65 69 444
65 430 65 65 290
65 11 65 255 65
65 151 65 3 92
65 185 65 190 65
65 65 420 638 670
65 876 94 91 65
65 2 399 65 219
451 65 65 394 872
565 426 65 65 39
10 65 4 219 297
65 4 65 333 4
61 800 65 65 168
642 65 247 65 37
65 61 420 420 153
65 653 65 244 54
65 65 37 65 871
65 362 751 65 37
355 4 65 4 69
4 185 246 100 65
391 2 358 256 65
309 65 65 4 4
65 8 219 336 4
121 267 482 65 65
65 485 65 4 481
653 420 65 105 201
65 65 65 65 65
65 629 151 420 151
3 65 65 65 288
65 65 65 65 450
61 420 98 473 65
577 65 65 261 123
65 37 65 65 4
66 708 65 65 642
65 278 363 510 309
309 817 65 3 65
65 4 65 2 65
4 473 65 65 739
362 65 65 884 63
699 65 690 219 846
398 351 392 4 867
264 65 65 451 65
2 65 343 65 871
567 65 729 288 667
4 65 594 3 65
65 65 65 4 16
739 419 65 4 698
726 499 65 211 65
65 360 65 65 65
65 65 197 65 392
65 28 4 451 65
65 65 629 94 65
55 64 65 233 4
473 39 65 3 65
38 203 65 37 65
157 18 359 65 4
253 508 653 65 183
9 65 368 101 65
121 65 393 61 65
38 244 179 802 841
65 31 62 770 686
65 653 309 65 696
65 688 65 65 65
698 65 438 798 65
39 65 65 420 65
395 91 772 420 65
65 515 65 190 65
219 65 65 450 629
65 4 690 653 65
65 119 270 65 123
878 212 871 65 618
818 65 65 37 481
65 3 2 867 818
65 101 452 63 65
66 455 65 65 185
65 65 65 488 786
99 4 65 65 65
65 65 127 698 143
4 653 65 65 11
65 65 65 65 65
37 66 65 333 301
65 65 65 343 450
2 65 700 99 219
392 86 91 91 808
452 181 65 65 82
264 804 65 14 4
435 584 82 66 724
728 65 65 65 422
65 390 24 451 796
3 61 65 65 871
65 219 696 65 65
65 451 880 451 301
65 65 451 681 65
37 2 3 221 65
4 65 65 426 65
65 65 65 658 69
65 65 64 585 65
65 65 658 65 35
65 65 473 65 420
8 493 65 65 63
584 868 65 65 37
412 65 515 65 3
222 65 65 258 121
636 92 373 248 658
874 65 65 473 588
65 65 731 3 65
194 169 289 65 288
65 413 351 278 479
3 69 814 91 567
65 65 65 4 729
203 415 91 875 63
65 855 65 875 65
63 65 364 370 871
65 65 770 430 65
642 35 65 667 69
65 65 65 253 151
185 65 297 698 2
4 65 65 93 65
290 473 65 572 65
65 130 65 153 65
242 3 65 309 39
65 699 451 2 577
65 65 4 119 65
65 894 65 875 62
65 900 150 119 37
256 174 302 39 65
609 65 65 65 65
422 65 185 65 65
288 3 451 4 279
63 413 316 82 65
65 65 65 800 65
65 65 653 650 677
278 65 841 444 65
37 219 251 117 226
65 4 391 65 66
65 4 65 65 422
438 843 65 62 65
65 3 4 451 190
119 65 65 97 412
143 875 65 451 63
3 65 449 65 876
65 848 362 151 4
65 65 4 65 753
4 473 473 65 65
691 65 65 65 65
181 65 27 39 130
4 3 65 878 862
65 370 65 4 261
4 37 65 312 65
65 653 458 65 100
451 633 570 7 65
288 451 65 368 65
66 65 65 743 38
92 288 39 65 65
93 3 65 39 65
4 65 63 3 309
65 65 65 392 65
65 65 309 24 151
91 65 65 3 261
94 92 629 420 194
65 65 65 11 422
391 422 65 61 219
288 65 65 65 261
65 258 897 65 4
413 420 609 65 4
618 277 278 672 451
61 65 65 65 65
696 65 65 696 355
393 709 8 288 690
391 214 219 65 65
12 4 65 278 422
203 65 64 247 219
93 3 65 32 89
65 65 509 64 65
65 248 65 65 65
65 229 357 117 681
694 37 65 671 4
65 247 809 65 690
121 3 65 451 65
390 353 759 450 65
65 65 808 398 65
65 65 289 65 13
65 194 771 65 621
77 473 65 65 37
4 65 288 652 65
65 741 673 65 4
65 618 420 130 65
65 653 65 65 65
65 308 10 786 412
370 293 729 65 65
98 609 130 37 190
65 65 65 4 65
3 390 65 91 394
65 65 279 289 65
316 847 65 4 845
688 876 833 65 101
698 65 65 65 65
2 742 698 786 65
65 421 65 4 65
65 33 98 65 11
65 143 65 98 180
65 629 875 65 785
65 365 65 451 483
422 65 810 65 121
65 733 11 248 278
65 65 577 65 63
157 65 729 871 880
65 548 4 69 65
65 288 65 321 390
355 61 71 65 810
168 61 65 686 473
649 77 65 4 65
459 3 65 247 65
627 65 65 375 878
4 65 69 4 154
65 65 734 65 98
444 65 266 681 450
288 900 65 65 65
65 65 65 871 581
876 151 38 73 4
609 65 157 3 288
39 65 185 743 420
65 65 65 65 698
11 65 258 65 65
871 66 65 65 107
290 62 560 247 698
65 65 729 65 65
653 65 65 65 413
392 696 262 39 65
65 65 669 771 130
3 391 65 451 444
65 3 412 789 470
288 288 65 65 644
696 94 66 92 65
487 12 65 420 390
473 4 65 818 627
712 65 653 65 724
65 65 65 84 65
358 65 65 886 4
65 98 65 219 65
314 19 119 65 121
61 288 65 629 65
473 451 434 391 278
65 343 65 3 65
65 444 4 793 444
423 65 65 4 65
615 65 2 65 592
2 4 91 98 470
450 218 361 65 392
363 166 399 2 875
65 90 65 65 65
37 395 391 749 870
55 211 391 130 143
25 399 778 64 63
839 65 39 98 296
622 65 37 65 65
765 65 123 65 65
65 65 697 24 3
131 65 219 69 629
65 65 63 65 482
65 65 390 66 392
65 65 65 65 343
211 65 66 219 245
798 121 119 65 65
391 671 65 65 699
392 65 4 382 203
550 119 430 871 762
623 190 398 392 64
65 65 65 65 69
65 65 65 65 690
65 65 65 37 392
65 65 65 125 65
641 65 65 4 611
669 4 65 66 65
65 65 65 65 65
65 219 558 899 65
190 696 154 65 450
65 65 729 135 395
64 65 65 65 181
462 567 699 65 65
11 22 16 65 65
65 65 61 679 65
65 65 451 39 65
4 819 899 65 65
4 4 529 61 65
800 202 430 728 4
143 65 4 39 65
12 374 65 65 362
64 247 194 157 65
65 398 65 355 608
288 65 9 390 772
65 399 4 480 65
65 569 65 65 422
65 61 724 420 65
698 65 883 444 618
65 65 740 852 65
65 65 4 242 65
65 38 480 200 65
422 65 65 65 64
65 422 875 58 62
65 669 65 65 65
65 876 653 65 696
212 65 451 333 314
451 663 438 848 65
65 541 4 3 8
143 61 455 4 65
288 68 133 65 65
871 669 65 305 368
62 211 897 121 218
407 65 369 4 65
66 65 65 875 392
65 63 65 183 65
3 91 74 65 4
65 65 35 151 422
4 65 65 65 65
274 744 840 14 65
186 451 726 65 724
37 65 93 65 390
65 65 65 4 422
882 39 65 65 65
65 94 65 248 65
749 65 210 65 399
24 65 65 65 65
392 557 473 65 65
65 65 497 65 222
40 838 875 65 65
619 473 66 65 65
225 65 65 65 65
390 526 584 65 194
696 3 65 65 65
65 65 154 69 4
65 62 653 65 65
65 61 8 4 65
65 392 65 4 729
419 829 4 759 450
887 668 833 65 482
563 65 396 65 277
197 709 652 694 65
37 65 65 65 618
899 435 66 65 65
65 65 187 65 785
19 65 65 65 219
258 4 65 4 398
552 65 482 851 855
65 4 4 3 65
181 65 65 151 39
65 65 65 729 122
65 4 699 65 65
40 65 251 390 393
65 63 4 624 65
887 8 398 853 63
91 631 65 65 65
143 577 612 65 882
65 808 119 65 65
65 65 65 69 473
65 4 63 65 422
145 65 65 65 91
65 65 94 262 188
2 184 65 875 390
769 3 355 219 438
900 65 253 65 663
262 451 92 4 65
422 65 65 65 4
3 65 9 673 65
65 61 65 65 59
390 65 65 98 65
288 65 391 119 63
7 62 65 868 65
65 694 219 65 182
4 65 65 4 253
11 65 392 451 875
567 157 65 65 65
65 65 65 260 65
618 462 65 65 97
653 309 473 65 94
65 65 707 570 65
288 65 611 460 883
65 65 4 65 65
629 65 444 362 765
65 65 65 197 413
151 203 618 143 133
65 690 868 696 65
65 133 65 878 93
3 887 65 77 3
65 481 65 65 65
65 394 653 65 66
420 786 207 659 65
65 771 642 65 399
24 725 548 35 65
211 743 4 176 875
65 391 653 288 242
65 65 758 377 151
800 183 119 65 65
65 65 698 65 65
65 197 451 65 65
473 2 197 65 420
420 3 65 65 65
760 65 65 65 212
64 62 65 65 65
870 211 65 3 65
65 69 65 65 898
308 65 288 65 203
65 65 65 65 749
681 65 3 642 485
65 65 4 66 790
452 35 444 65 654
65 65 4 420 3
4 65 435 258 876
875 91 91 197 65
64 65 65 65 84
343 387 65 392 65
61 605 655 420 8
696 65 288 2 64
65 65 65 455 65
65 823 65 64 66
451 65 4 65 65
65 65 65 245 65
65 65 219 142 58
392 65 37 875 65
219 82 4 684 65
130 35 413 65 65
22 887 698 699 65
727 726 219 563 16
3 3 39 65 185
65 419 419 65 274
65 65 65 58 587
65 97 154 296 65
64 65 65 65 390
65 877 4 65 548
819 66 65 625 219
740 65 65 65 219
65 65 710 65 65
65 65 65 65 299
157 65 65 36 4
4 92 699 121 65
218 743 212 30 343
760 65 65 627 65
65 218 13 65 65
65 65 65 38 65
65 65 846 422 218
65 393 710 65 871
93 880 451 219 887
35 58 399 61 420
65 65 4 65 39
65 219 812 565 227
11 65 65 65 642
185 288 4 751 399
65 65 65 390 1
65 871 279 180 65
769 577 65 66 260
65 620 738 878 399
37 65 9 65 194
612 4 4 168 718
65 65 724 642 65
483 153 473 473 65
227 61 321 451 422
611 65 37 65 278
65 67 370 264 65
451 65 790 672 288
451 65 65 792 3
194 65 271 65 726
11 65 871 451 65
65 54 65 851 65
3 412 65 65 65
309 61 480 412 65
369 663 65 65 3
65 65 882 577 65
61 65 65 65 3
288 875 227 27 653
868 65 65 473 65
37 792 65 37 542
166 219 422 4 119
264 219 65 426 601
39 65 63 65 669
62 65 65 875 756
446 244 65 509 332
699 288 609 222 3
197 4 154 65 700
34 65 65 653 211
277 65 65 65 59
390 63 65 3 253
658 65 256 194 226
878 253 65 4 515
66 392 25 65 355
65 65 248 65 4
37 65 65 65 117
65 878 67 361 65
65 65 174 464 181
72 16 62 668 65
65 65 63 65 290
65 567 451 65 65
65 596 65 65 154
65 65 749 420 219
4 37 65 65 65
3 7 219 123 65
65 481 390 219 262
460 744 451 65 392
473 65 875 65 157
93 65 696 392 629
63 61 65 694 143
3 278 870 65 65
590 242 444 698 355
65 810 65 65 280
65 673 410 65 65
288 4 887 332 740
145 65 725 3 66
612 65 63 65 66
288 65 422 65 4
62 65 760 567 65
65 65 875 4 841
65 65 154 65 8
787 65 65 288 447
698 64 391 65 65
900 700 422 65 4
673 65 288 65 65
4 653 65 123 4
65 123 390 891 65
343 65 65 65 885
65 151 65 219 451
124 4 65 4 288
235 365 65 151 65
65 65 430 65 65
4 451 65 151 288
69 65 65 65 756
63 253 6 351 65
39 193 65 65 332
65 65 65 34 672
65 872 65 392 65
390 65 63 364 65
65 65 4 343 314
65 485 65 65 242
361 4 14 567 79
169 65 65 12 451
765 422 65 65 333
895 4 65 63 211
65 65 690 65 77
822 65 740 65 65
729 65 420 65 65
65 426 77 883 673
121 65 65 65 65
65 65 288 451 296
875 473 219 35 878
65 256 98 65 473
65 65 696 65 699
288 65 4 875 3
351 578 871 153 696
305 420 207 16 891
65 288 235 219 65
98 3 69 211 700
8 65 65 65 629
98 34 874 65 4
66 60 658 694 119
65 696 726 73 65
65 65 212 38 65
9 258 63 3 63
63 65 65 65 65
65 65 65 590 444
698 698 66 65 289
533 55 65 225 61
114 207 848 4 2
65 760 3 65 491
473 451 65 65 3
3 65 65 65 4
65 65 577 390 4
65 185 366 541 363
392 65 217 2 39
151 305 65 207 481
65 65 63 187 151
65 422 65 65 468
65 351 669 65 91
67 65 166 342 39
584 350 355 334 278
65 8 4 3 65
897 64 65 65 65
63 75 728 227 65
65 65 11 65 871
288 65 326 63 65
65 65 65 258 65
581 4 65 65 900
157 64 219 65 65
449 69 895 473 65
235 4 394 65 123
838 65 65 65 422
485 699 288 65 119
790 660 65 65 863
878 65 65 130 4
305 65 65 729 65
61 641 65 63 4
65 227 391 744 65
65 65 65 65 245
219 65 399 33 506
567 4 65 481 65
3 451 658 526 422
728 392 65 65 197
4 65 65 69 618
900 653 91 65 65
724 4 65 391 18
609 91 65 14 37
677 612 63 65 65
677 654 37 244 65
65 65 65 282 420
473 9 69 4 3
65 288 698 675 672
65 217 245 211 669
368 65 422 270 392
65 880 880 65 65
65 65 65 65 65
65 653 65 548 65
422 65 871 582 65
65 65 420 65 207
316 65 65 4 394
790 65 288 3 451
65 86 11 131 63
423 699 65 65 65
65 66 65 8 669
808 4 260 3 65
709 69 91 393 65
468 65 92 65 258
65 194 65 65 451
65 681 65 435 98
219 297 59 3 333
82 673 264 64 65
65 66 24 65 419
65 307 700 390 288
35 393 698 168 361
307 203 65 65 627
66 391 65 65 101
65 481 473 65 545
62 420 412 65 65
65 392 65 65 3
4 3 760 642 65
2 9 729 642 756
61 1 61 65 438
65 288 65 534 65
65 611 65 653 12
65 217 125 65 250
333 62 119 290 2
65 451 107 4 871
749 91 874 65 422
636 470 211 65 121
517 65 660 227 373
65 316 450 264 248
65 65 13 219 641
65 422 65 771 65
65 65 11 65 422
65 620 65 65 696
65 65 153 65 65
264 219 419 65 65
65 65 65 871 123
65 35 451 65 290
420 63 65 65 65
872 65 262 65 66
65 260 793 65 350
37 93 58 65 65
367 65 482 65 316
65 65 65 65 392
3 65 4 531 65
760 65 65 65 804
65 451 420 93 65
65 65 3 65 65
482 391 65 65 65
494 55 845 729 65
65 65 65 65 644
61 513 65 194 65
692 151 289 65 65
65 65 62 690 4
4 65 65 631 65
473 218 89 66 65
65 871 724 6 848
65 4 305 404 69
65 65 63 288 413
253 399 4 65 748
65 65 91 65 810
810 4 61 65 65
65 65 82 62 65
3 65 392 4 355
100 423 65 65 430
65 65 37 413 481
65 65 4 288 277
698 593 188 4 3
28 65 422 4 4
65 470 590 4 875
618 67 642 65 724
65 65 11 8 65
65 65 65 65 390
455 91 451 743 4
65 65 65 698 65
368 65 419 58 65
4 3 65 123 211
219 669 65 450 65
363 609 62 422 420
65 64 3 65 760
65 60 133 133 4
896 158 82 4 218
65 381 123 65 65
4 412 65 65 481
451 749 65 65 338
65 65 65 65 65
65 65 65 699 248
563 288 256 65 473
305 65 65 609 65
65 365 358 262 123
489 16 65 211 183
65 886 65 37 190
65 65 37 34 65
871 523 4 65 65
444 399 728 642 63
2 871 65 65 65
288 65 65 3 39
65 65 11 65 65
65 185 37 65 248
4 740 64 65 876
698 65 65 390 8
392 65 65 65 451
65 413 65 63 65
875 3 65 65 65
4 378 253 63 778
61 359 35 65 749
697 65 222 412 4
451 107 194 65 65
253 65 65 65 65
444 11 473 510 65
699 65 726 65 65
3 370 450 7 123
65 65 65 65 65
473 65 355 833 119
62 65 772 4 154
4 4 376 66 65
728 762 65 515 422
11 669 875 65 65
219 4 673 697 733
66 65 65 10 841
65 653 698 4 169
609 65 65 65 183
4 55 390 288 2
455 349 65 451 16
65 61 65 75 65
227 152 65 219 65
91 65 587 219 119
423 65 65 65 66
65 65 65 65 636
91 65 286 420 65
119 65 65 726 574
899 391 65 65 65
288 65 65 65 420
65 65 362 65 343
375 34 2 65 760
669 3 3 871 65
3 65 65 669 39
197 65 65 63 801
4 363 426 420 253
2 871 65 244 62
743 288 289 4 587
361 66 65 399 833
390 420 363 65 65
510 870 65 65 65
225 65 213 669 8
65 203 65 65 629
876 121 3 65 690
274 65 82 65 65
582 65 242 65 64
11 65 4 10 375
65 65 733 65 34
34 632 897 65 288
65 65 91 777 843
694 66 65 369 66
868 38 421 65 361
838 65 567 413 65
65 101 642 55 800
4 62 154 65 783
119 743 782 37 65
65 65 422 274 85
65 420 65 65 65
412 712 229 65 3
1 18 65 41 65
151 133 343 65 65
65 871 122 65 800
729 3 451 123 65
420 65 883 65 395
91 211 65 800 65
65 391 61 473 65
65 4 65 65 611
279 65 395 288 399
62 39 65 6 65
65 65 65 4 3
264 219 4 362 669
65 65 219 291 875
65 65 65 422 65
65 61 65 4 65
618 65 726 63 65
451 35 65 65 871
98 65 62 420 632
4 65 65 574 451
552 4 65 65 65
65 65 65 65 65
297 420 65 65 65
65 65 769 741 219
65 65 65 65 119
65 438 65 65 63
65 65 193 65 288
3 65 448 11 296
635 65 407 65 98
65 107 91 65 65
817 4 755 65 65
744 473 65 587 871
56 245 4 65 629
847 4 65 51 65
65 65 98 65 69
168 93 292 260 643
699 140 422 761 725
92 420 65 871 3
11 65 92 4 473
744 65 229 669 729
91 65 65 65 4
8 473 868 749 91
724 878 61 473 65
4 142 696 151 65
65 256 451 65 182
65 896 38 65 636
65 61 157 65 65
65 690 3 4 4
65 93 66 422 7
119 288 531 65 65
190 420 309 65 65
37 8 609 605 392
3 10 65 658 694
895 875 810 2 498
278 65 288 862 311
422 871 355 65 169
517 361 422 641 65
438 870 65 65 183
65 627 65 65 65
65 3 694 92 875
253 65 219 65 65
58 4 65 122 200
65 65 698 462 65
65 190 288 577 62
65 515 686 119 326
65 65 744 875 256
65 420 420 264 67
399 3 481 61 893
65 244 193 65 65
2 65 451 16 66
65 451 65 64 65
65 65 207 363 9
65 307 65 65 4
65 878 65 420 180
690 65 65 288 699
65 65 65 490 64
848 386 65 65 297
210 4 370 395 672
305 65 65 61 4
66 65 65 739 65
197 451 218 65 16
92 681 65 11 420
143 420 35 618 391
245 86 65 65 8
65 4 760 422 654
451 837 65 422 65
34 390 54 451 65
65 73 422 65 65
642 4 65 12 65
725 391 65 367 65
749 726 8 644 65
35 55 63 65 365
65 65 66 65 62
278 696 65 65 804
653 65 65 698 207
699 24 4 37 420
65 866 65 61 871
4 30 61 65 194
65 91 4 65 412
355 392 309 77 451
65 420 114 65 871
8 65 334 61 401
156 65 75 65 65
581 65 242 65 65
65 875 279 65 698
726 497 65 65 93
65 244 362 65 86
3 219 756 65 65
707 498 473 738 65
227 65 84 65 274
65 143 65 227 11
765 65 65 65 34
101 130 65 65 444
65 777 187 190 62
123 37 399 65 39
65 4 420 122 422
65 212 65 729 65
415 288 61 98 875
222 380 65 37 669
65 65 378 479 64
362 65 65 219 636
3 69 65 20 450
268 241 65 413 65
424 65 420 65 420
484 66 65 193 235
875 642 65 65 65
38 631 413 470 65
738 65 390 65 650
4 65 65 4 309
65 65 886 4 669
119 133 65 65 65
121 422 65 609 838
65 163 392 301 357
61 63 65 117 704
8 65 430 729 69
3 740 65 66 4
65 65 413 75 3
4 65 119 473 185
34 65 412 65 100
65 28 65 65 65
871 66 65 86 61
451 65 65 247 65
39 65 65 451 65
19 519 870 65 288
65 65 65 65 439
520 65 200 65 361
267 609 451 364 65
119 3 248 698 65
481 698 398 65 672
34 65 412 65 190
91 122 4 65 65
65 98 25 217 65
871 65 451 65 422
4 729 4 65 39
35 65 211 190 65
3 211 444 65 63
65 65 194 63 92
65 65 582 65 65
582 364 801 482 288
3 65 65 8 65
451 548
