535076358 578171588 928924972 494854250 870948626
721180064 571461528 435075756 818187465 575812869
549758540 463553380 675688564 501675887 758999884
594558248 592641102 379831010 531535182 530537978
551945238 370881139 518302620 823550135 848420853
589762942 791167826 527118674 807389150 880348771
609427383 439159270 934337342 460335161 406740405
452204407 450480114 595177985 691031474 859920723
388497605 705212448 444688837 715941837 899277921
500488865 512131394 562413829 590439587 905877131
443099960 465949093 528527364 404360273 563599329
586506852 636440418 595982706 379753015 440993912
835914951 520734662 593817786 767681884 747655892
815072622 665327857 739580244 635655539 688744550
330266319 871081884 796350630 812844498 734250680
885449424 533803995 514525561 516844208 588688639
926176278 354097785 622324981 563173493 582877764
886627525 461367423 546395077 303699279 782340323
735909469 710433833 926727088 763802558 539392422
787668645 326407535 450991137 546535890 601942399
665832780 572821456 644873678 422545217 574664336
833348933 669466102 409807569 666164121 496816605
572442240 828005193 631033182 362029827 638593712
916735697 823288801 890834350 588212406 476595849
524978893 586152678 785403958 844649811 712791062
331597123 493428131 628350273 693892382 867465418
906577093 575133714 576233012 480013627 547156580
611684758 542978966 484021452 504274740 493895918
603814327 642347354 673018423 465652470 541799159
439888445 379189261 474789106 427975102 566639028
745793888 781122235 455714013 439719761 878989959
406841105 354643687 564724049 519601809 567374573
763557768 687045256 398946228 638015837 330376830
553008244 417698185 396352730 496470873 563429248
595687619 562851310 710350972 616073484 325442036
719312949 896334660 681004033 731368699 515971580
452200956 670522549 608061259 487054746 433126583
903335386 476129330 887843120 807498298 463958844
608830442 581496238 833357031 428417642 370875355
572425774 524983390 715441541 448724987 909351158
608816144 693113453 623340051 790647884 446332125
507112674 498397344 655926338 489818954 634062996
922914854 402634263 517646203 946695533 317451315
410774782 443374471 568754858 930762345 460787294
659768834 904254454 450666344 603353227 644144390
793096595 823305987 402196027 530029093 403083105
446368116 906688956 664399926 478616153 404993712
571745296 727666876 430264642 581208699 623654546
664454986 668136666 591600720 945688441 492244010
515287841 623721740 695081115 450655672 657308439
835701257 866940789 399389549 391937633 371728474
403066634 648287824 665638312 773870595 507943943
582810532 634693702 300915900 380094054 688822688
383841722 578120032 625973249 372216941 427736781
551975153 431228907 820375416 428377961 724381388
919465167 489504266 546473125 681080684 785902900
916133320 896328823 524406859 384399758 608817409
483025114 458334253 328744061 598836171 517588534
777313686 568836523 380015247 409117830 608188610
685783026 570966818 532741325 476622260 897099136
423765990 407886334 765385885 490520910 507151539
859957225 577357833 589685708 518565460 708379313
590646359 383086814 576214820 770236458 735965607
906336042 423109099 403858572 653305137 664550975
386491656 582924081 448034580 695492681 366108491
509546625 824216965 519636435 947472182 525688175
547035346 669531270 475751118 873543909 454424893
889613282 441738513 521637205 432854325 471265495
766245464 418075405 422625778 839415161 503511177
484100875 660593005 714004391 544492510 700336810
639128442 597823022 724230479 657786849 865964977
505393276 606151567 496186488 771653959 493346768
558477995 526673928 378195188 463649242 511778947
804360921 647920166 437496538 465038299 581455467
458538231 666465255 888973709 914628421 720611039
436319409 464205793 915235528 285522567 376525908
429849274 294479487 649303564 466678786 862443354
933596289 710392931 728293199 910640605 769358889
662848654 399763903 547968628 924490686 431470984
500108743 415170694 556595512 794462227 449089656
590196159 452535501 869844446 702619928 838193156
540334095 571638033 370386820 586867584 359719250
381581095 904209370 871782896 411930498 585565226
883738213 566223681 675332130 447359837 664427459
439564605 667288979 604316532 332711305 430004407
579507635 866990529 739985481 644149056 362872995
443365490 632618796 842380997 931732169 633956731
416753449 548535666 406740565 747932976 454619081
649197255 813671555 884029176 651920834 567407010
689118251 422661436 629580234 659564294 566332810
787668768 430173456 909195242 368442840 636240052
730787406 673085116 590218081 681687679 447292169
650804696 478425270 532115127 587813602 667238698
698053980 895008801 636632326 421360650 429660651
602964232 492069747 468654620 499199249 431218032
549385029 719201047 600525704 527809600 492725928
497904004 821927237 440272860 510062783 464511058
797349537 769240103 451084162 733259128 381884632
430219336 533382551 542233123 453174055 771843160
634815183 434342171 829018223 803837129 702674787
589284044 564143555 479140828 447292141 393098767
414427908 542580202 590416158 715471262 438190392
781212171 915380391 688679936 492472375 558757178
722198173 500041147 666506226 743599908 485772087
437568747 599833596 879388333 942355465 299111811
559776724 877531471 533393237 512727332 307184892
380151982 412538325 680469544 394373185 541471195
525467778 482946817 484429559 834568013 378485888
364731059 380744535 468022268 574245480 584755009
398450927 337074792 577329056 721591779 526641427
635637533 440660337 553183362 519511964 575022047
604793711 588951281 391994966 895741214 875193091
455165694 565839396 615112163 335546548 507888242
359021541 906259209 519943359 466383856 420905479
475263770 822218131 431244201 904205859 848976411
368711345 626591824 566306572 589579457 556782521
869117407 319284643 718985812 899096585 518643754
673866231 712175767 573888545 742037241 475263787
455898304 680263066 401645775 661034398 850293467
878724595 670689068 319204550 579825429 364906378
780315888 889858732 388491656 828751039 557510124
767238876 905885639 465880058 725357587 583414875
657700527 548198112 468611524 594402357 665712828
738268147 421807014 580032153 862337887 852221431
661803251 666862481 604322413 469917266 399639226
476346562 806084416 918416333 619087530 525370331
420871696 672097059 507401744 524690790 634402544
444050548 535724466 363455392 429430471 492097905
875194361 771597316 841810967 731936180 558559470
914963556 565993818 368690835 570614055 391275156
413810356 689863088 502433377 924741649 494875526
485978458 468374968 510673136 548799456 442914988
923198083 687190062 710412537 751132091 500985286
556325786 421142099 717099050 522356406 568128041
591588795 598849570 474716017 426108163 299531647
640856022 632719492 444056699 528570179 567307803
403756560 498829651 507232505 672210257 403079846
841173453 460034262 452110969 852876420 366077378
689888397 431876370 545596961 514398862 469390312
410429226 757788926 862317389 503153790 552664144
734369400 908247268 469269134 710578942 521029633
537671961 531643032 738227477 506570850 497151783
680439687 904906576 356469264 476309523 852507606
683128922 684273271 747947128 567524653 510547563
689961430 891264481 516871615 466388460 588675271
340820736 444080371 515233994 431204681 604810740
840472170 901107971 406128826 880003312 583170971
884536593 842546890 510291641 601375319 767299178
914711932 398954883 440498277 450655712 459707350
890450181 464742456 657712202 600773755 696565994
435023066 664464479 681804192 756589900 773198870
565857141 897995376 636404797 575749298 787675938
791499955 432046196 576215154 386922550 358939779
537634796 630531278 620268869 537924638 447047877
521072018 819700933 505898594 440586344 913130065
303766373 488642078 384376925 614475942 923187241
662503354 933733009 404568006 680193575 567219670
938585027 600476372 486317533 573821019 748062886
423534166 596796488 480668751 502805673 737001290
354656797 427164042 419950680 946358431 880335226
318597939 781321197 664563975 904258636 393081609
498833085 867421232 712674777 451756374 533322964
722565476 473593960 803944062 590982082 407752428
566564331 574623456 580370890 542140360 429396632
468653938 731295477 525454167 655397434 537040244
527858349 398833336 504760300 504521920 672253650
581757854 412170853 767325672 633833455 654946831
381244066 820916688 845043982 875345088 408840995
739573002 706518241 470781670 496759646 506023840
691044572 403188971 408878018 593384430 626121378
609885122 921950933 717568669 879484357 660317844
372726076 473994432 883999811 506627515 555986547
852150487 914971867 681816475 834851281 548578836
681043816 779298717 802627361 365498263 590226800
690994127 733504163 555376968 853587117 575109894
852290789 532071805 939110029 525406496 445052810
477668919 939983214 627356704 936562264 938608281
562914032 506378816 583932671 542116604 479869761
883937561 476532491 922434740 458571562 522176594
547135970 629959636 789622711 577006603 862385893
532074097 609703087 415236660 738455135 714980189
626126180 442893943 381348546 578463141 829599899
657682568 782422131 306011124 439646577 584645929
468631667 576717926 818298870 476566742 580017968
681261735 503829068 505863977 516976296 426113061
316996121 704471963 461504587 835471524 431060710
442415567 297697388 503549709 662890455 780319037
898582999 448947367 446784593 427939253 763173974
336509653 591092982 444626766 531281845 828854141
648689267 935626527 446334634 655500309 743537885
425113178 535500008 441712206 493773267 799442576
683734153 492614469 637434604 830302503 416056665
416407270 689603048 567036246 439690904 578515751
593812688 434221029 373156254 938064245 638593580
451427272 401206431 783617527 438185574 645770483
697973432 429365533 511243885 514531677 364738549
367246522 510639972 649934091 756182893 798514815
771657764 553414948 711410889 633246380 590658179
511643673 570191915 573166436 870919885 918096973
388628933 785943278 815519394 525420720 662839145
566504735 688798558 446390682 717099816 701368892
729430189 409716516 574283366 891632521 734415219
424821389 436075410 464492754 456205320 652101580
524319506 546485391 601189572 353912946 569369574
430623298 581876316 414722577 529047128 807328428
870794720 722056523 741248976 569250490 338687553
824769719 835679746 536800927 697920938 917535266
522645543 577012531 329475315 518615136 763658394
889858875 926322668 459968715 598903213 309253794
528923211 908969589 561923458 691050447 591336736
881764605 421106297 515651240 549386319 843240322
509966461 481584414 628291488 917185800 605265699
468348999 725371967 686500224 921984315 638277078
728359831 743901073 684759191 341117498 887316523
807060167 669920885 906735951 559292930 824659939
430165157 571879120 664939913 582202292 939991787
830747225 897006868 437781857 643353868 478845814
618070641 904996153 503098185 469917440 761945249
321254198 567766849 824048720 918398139 452999495
413486880 520127557 648171071 491663113 392901672
598167911 675102189 600007708 637445379 396639759
433020707 786065396 511875068 520183630 438172293
740312131 878975021 285692706 521863802 651979466
666677961 432512877 339810085 408802799 638218744
657069317 636398109 561067103 779592978 842612981
910858897 493549575 381259792 668502201 860716153
588969556 380494802 889894563 507967709 569043330
538678407 880921986 575442281 593366529 609366097
458717262 324016895 530174852 422467074 476507543
447384614 627404597 585235199 451036895 562160482
583661826 492634854 834925923 428461926 494514224
512180059 481958599 559977766 640974764 627780917
768473999 648226656 533785308 577320377 921177005
347343180 396069556 585627827 870442211 546616462
808028491 299434331 536099607 580786872 935204367
567649359 923828102 937994115 427063436 465809789
284220417 604812009 584493472 615957998 478684543
635239235 874728944 547907453 896501514 507877612
859010551 552436766 486990261 328547856 495869465
448177442 662860598 335036887 495150606 451413038
482452233 450722848 882173220 901756337 503510207
541319400 512913130 592999732 638394624 882132701
386308647 584986228 531583160 723604896 670234076
735066428 893947979 533173948 351401972 467810884
427142787 494461374 590335696 734501468 336978041
672150402 375302740 380083715 529446620 914433115
543924864 897852345 446418876 503132990 512939461
876345983 409873775 596399782 896798767 551759481
407952605 697766074 441697527 779353036 470796871
477014214 506252789 462914928 425626534 765316578
609409835 582591893 668482939 542875991 502998318
568830614 507760444 581731137 552796080 573809237
588920387 482856352 623225516 348177521 591602044
296596304 577741918 936486954 632702399 509980510
608120046 893518867 463249746 543150750 597789666
658798659 381918732 513765092 689918459 670733944
695727171 568878613 615184708 499190609 789572017
843144601 684142979 592359778 937682461 374264521
881419775 931228349 834155572 763003971 906571252
545977409 571633482 924422725 386930884 491771721
941542665 466318050 747187896 429404066 498834455
508312848 817913906 437178337 738219288 628309741
532525757 633980632 874253464 671680552 448178794
521066992 834816916 436957087 598881441 534473264
781425132 408592495 636410333 491398092 428231977
689093955 523047655 512209394 907963938 538436293
672930997 470150075 476569698 535048805 852912420
827625688 680074534 573396558 826344108 371516845
430198961 526713836 558793037 835808123 874152700
929078843 527967307 699651663 674444148 533068573
909171056 922845091 494249496 434064478 482542073
366077887 841287904 834775994 527035316 441890370
475256413 886562251 385527085 694924769 673488070
924005506 567426468 333202351 468662924 313232441
620261436 432809312 416421460 454344315 662535860
400566030 483981045 404588425 906600169 424159993
707822572 443369807 480853241 581729378 424215089
665876735 906995758 463656697 301427093 494105600
577320475 445831137 659490327 524345537 861089206
578829107 315959904 591754150 536497194 850417475
595637498 395472526 630361167 570104594 731391111
551619309 699548759 489416999 515199321 646688721
834720886 589315386 670685878 840159347 543839762
688734618 647012360 657500465 458038017 379400373
573105461 873896185 568032967 466843230 505449922
389067418 381088017 471259804 635903409 943291137
898741092 468587292 407855546 838189719 496833042
910765163 475905823 448145011 546598094 444493186
661981926 702817497 610391947 658762626 659212037
490656360 624500855 473332324 494813494 898186736
665638671 554208456 512347062 487067909 498375892
737568220 828204636 301866347 395932901 510626567
541020865 865004293 640431632 498618884 430795962
895417314 382573685 507755355 518424485 860423932
524011750 887893349 487072427 555571708 730719143
659503543 454400961 381786507 528984345 694249237
587687460 541376845 527522784 596760488 926807667
519635034 667826133 417005566 557139783 665195322
879996273 507726819 390929278 570544310 572395608
449456625 791583946 698029317 382528725 891949970
454537520 484725748 586516587 733270947 488099900
452673218 793715910 388614277 562519899 683106972
502511033 649197369 555917167 503408584 622503956
730834077 511818833 570604441 859111200 447744663
582904365 912380970 683952336 731342790 869238757
530370862 444278124 591705224 824018953 509812695
504791407 583534806 904917488 433854314 392608775
799124918 411903182 554941288 495610516 692285770
570556349 594738535 734367031 947828747 785160153
576252300 553887736 819971711 472272009 658737628
824654676 526054874 487172321 544651289 866702326
899124799 378075859 397602509 439438619 514515741
897103318 909057098 473659698 513665024 789653613
519621814 586549533 781237970 535086176 463419280
700970080 577259634 848862888 461255612 645957280
559006198 480471230 947764865 290525991 470598964
530419467 476294253 705831920 394392671 572830795
453654229 466268921 426915282 869270462 804548356
669098085 454429415 470897237 536033490 904505351
590350969 699835169 461402734 542198755 296426075
666647589 477083770 531529799 397601218 831127184
436959543 345137837 383008092 451465622 549096409
579188627 625458492 418750617 325658560 779634613
429723587 932293122 466857131 647760038 705015112
419349397 943721527 431777757 458587755 509886186
497936787 577363344 487687754 843970853 898137394
692997360 702733983 352019548 372936074 446342890
944153221 512350210 724100479 921519389 770586202
404137852 742285981 407525410 368726182 595928510
892133173 595045699 896312902 512148852 561390351
876338972 662018253 445691012 836852614 312094746
431468936 494180363 292223170 548984223 907424619
409143694 305702612 319724829 441662311 511856633
589351740 390135416 852467758 737310921 685234019
516767086 875434915 875671513 491635745 763327881
507971633 544135693 907611774 875766436 577195290
769055916 871169596 358931291 691966159 929944839
903833415 481150251 472314220 946389301 565095516
681050351 792254453 572467118 894495836 369872974
517912217 737718951 630414772 396305029 852638060
834332778 364269626 802884266 633888638 820789768
739573635 787407321 693893256 668970318 555996539
476984080 404167616 767542456 482590254 581457169
385283471 681039990 591383646 717859837 807342900
834217783 466690954 378368562 808875968 639516936
456927730 383463868 475976577 546262348 868077558
927230566 533054051 530061728 424170160 578186283
897819668 500099056 705010827 582597813 622478622
715477952 420371844 718656069 539352012 416445790
378559201 435890283 576662896 451397015 840082950
481180094 555260595 927830350 725335647 728943940
326884235 490475438 869239595 465815535 914949804
363698466 663334874 571843349 468108781 437388981
934354368 908912731 499217208 570531764 396863362
851033695 901336486 680551360 568831223 413946105
923811924 580468555 850200036 565855729 835131855
399188180 561539620 581443941 363747934 389507738
480993756 389927490 549470720 590246583 647126641
686397920 905060486 493101645 406014660 428814252
383207286 502151736 590342541 766251716 504321020
469339346 327432856 381682088 442889670 560441757
503899635 947667702 519946944 576462383 505837739
570494671 717009778 605218289 915754553 468667433
840905770 382416745 513779586 501034216 594759516
918063818 427434755 468576036 412371573 520036090
482235678 467548156 425348377 474565015 919885132
640925707 533386430 468674805 945674268 455177952
710145527 463713866 907405413 567892287 463577395
949785495 304608425 563792754 896134596 492193443
877493854 925645126 948161836 501304301 424540535
400861385 584215784 573907406 552862553 713948308
934718812 512247831 293755872 391961927 549776030
413390648 698517535 511836176 683191031 660224880
882170072 606083869 470089303 372648912 552722351
899098016 470849634 669420323 835022598 638853147
586586526 374147942 577346786 659524331 434781206
380081130 616033718 456034437 593087833 640033715
714735361 572068168 441559330 407728177 549908243
536491559 657329781 625171581 529677249 576354245
879851772 390816385 692717444 767265270 767419002
394086335 554596721 943432325 595110416 392237826
736575057 327885328 715319727 293673304 624487979
523414260 834163405 509987785 387059870 808176487
819833813 439632996 571953781 380326191 504535593
740400904 543582261 465091936 558242242 830350469
550365886 499828643 599928493 907772040 536574310
587654268 841386239 899063190 498899825 837980686
733739108 571467180 674996719 649971831 527534137
493471336 550383618 380412850 705058694 841502890
536460438 904279051 455636422 880931123 509997109
501655930 878523026 444301090 563124162 433336049
602522782 728109155 908871893 361775366 448381160
755359886 923349310 523481129 750022893 433166120
543834643 417993697 859497306 454175448 471928808
554157010 506081667 588252867 863714928 582654048
433122682 468963664 794842335 790089482 918455522
489475304 882646847 425640630 698118080 423958472
478657131 564818797 903298974 589113075 521826582
486209362 497711732 938688461 560862977 683291971
903247390 395227928 797575042 431038047 714047777
900392082 608263551 684866541 780070117 527344926
701449017 694137669 594406281 581508432 582954770
455228445 850073906 857483930 477968775 665112825
530885168 916067742 523495724 722687386 879999079
409308201 646312536 944141364 923933588 545198169
469068059 503569987 445186266 475759647 929865364
741344936 941528148 837937892 582517629 836493507
452668231 690071117 428457945 680165000 741344921
744615145 878962716 635828559 529701590 557902225
862957870 487058704 563488050 427179875 436269922
477070518 349096866 481067676 504471616 547967707
428996298 465276128 469315422 531057531 834393815
375576242 738342301 344621219 340330132 542287537
634598719 945916206 895794127 666624758 423946768
424223340 674970139 499528947 511609075 349087111
896609023 600380311 898688594 375733550 343798843
559730651 535715926 933731797 496969074 532431567
519363613 513282795 518110838 569804159 551899159
578851693 569914644 660195999 520775706 525663211
879254955 870099476 605337945 469316793 942067833
428474548 863870138 528539386 848184362 848635914
796349100 797875753 626144506 588186833 685337269
840919914 803870143 582486077 616005787 564516127
350732480 585173113 581114096 720159003 404516121
806083596 825931374 535741818 567657663 618344043
341665569 331705067 473525028 515765678 441454915
670158949 505437302 458302392 463401049 538283727
668017560 874185913 552326670 558444122 860644110
640418814 659263825 912662571 381972414 540398033
576052254 524309226 482816098 534342529 895303286
522086621 921896434 528466314 668503202 449524914
423085882 595251859 372660516 577423493 694573499
451960302 582561848 769706003 504509328 741575885
838736694 406828621 364271975 895686410 923940628
488121275 704942884 897909012 461397891 543177628
635167443 546638848 570532993 530977725 519150098
570229326 475964410 936999508 469952907 501306812
366280436 409680873 524324800 632371478 893994044
354639313 437817158 608959774 510568895 592072095
847936782 543102079 541873446 582302855 891930508
650908832 761397963 698057119 650744156 525442318
400436060 815400892 689068865 486578707 549755896
316650626 530684657 398149895 933760266 899529698
588957874 641795070 514900659 454950461 498818574
484435030 653311543 395484313 575782252 675042312
904243625 910599627 680117464 460832829 413111438
612961002 408788598 453397525 584787808 926228305
444909583 582975508 943298383 419441737 618881380
617567655 599498387 546620671 920706028 590379981
900313219 619307903 899547510 402206359 431474803
335498887 394032132 569166179 930049636 561830940
598550976 640267675 593873080 874177445 555564825
632334426 610990421 431659526 523555885 885669187
509435066 592773808 647271977 850251209 645771036
530407514 317078088 630627757 938009144 567055868
821382040 666729294 535427920 424176221 897018234
431447226 767965106 504720445 577332278 673561779
795563238 471866066 326697172 540319243 544189666
455729197 819875745 602976322 447442214 460275445
364881979 504176873 621266468 861694885 736575141
908146695 654852362 527836708 418554305 917681619
919049488 551552866 891217461 541884170 551924549
777457909 535995104 844802451 514555130 901618524
585250687 576337924 773684144 470601257 645761674
865941909 545571245 441197331 527637752 883922567
517933916 782989752 554157746 621181176 358352297
592690325 405918575 852803643 473224194 425561383
942819619 876828236 606080169 489856103 425160827
711137152 533343436 357576498 925574122 541548541
424613615 453668617 623702016 581729354 570630462
505385781 341452950 534199664 569522474 869170275
459669391 703177890 593313676 408235889 620233743
515212842 536371867 534323258 828246825 385691435
434607754 524317997 591343146 939510147 294047850
672312923 779519839 670332419 814377885 663339994
576222954 666822519 590209835 644881093 665003358
930368536 869231055 843848932 883915744 451036396
453389206 508877701 415152973 903793521 618084065
662919801 577191977 461448313 521595136 489447533
450527929 524624539 570592496 716977895 699436143
618093403 739707173 836308184 878549128 455611831
498403950 635206028 468642316 457446957 661528276
591719430 543661843 633848684 648195467 310947683
457237132 434162698 554594252 563253412 604897164
680111364 789310893 779355461 548882446 429865810
551338528 681094559 383565674 588653318 542277866
591304602 860332805 335485024 803940062 537454924
949818268 432766219 619107562 840006105 731830727
716482451 481578167 534139983 590359122 794723680
390124521 576233677 561726592 435919851 418077001
722797065 733163258 560451416 490922806 399179875
482862796 544469161 624482933 733163249 847331935
436333439 491255402 400355795 671651932 780144178
887741784 556603740 535130600 576696056 930812006
570036360 551912908 647231337 586152855 449471764
681249610 605693781 474048409 551544444 858417173
877197402 529106995 717848974 894546091 492085036
803594675 510997714 464017843 445170859 659247298
539373920 846229906 663204133 608796679 555854698
500693692 513853476 543545550 699390264 349456432
854201316 485629970 472918191 686863666 859770718
601617403 911718900 514454819 650538875 835503151
576706745 428586163 698589407 870980927 943804267
492495328 553420394 642377374 879411787 693086842
824135256 301351375 892139053 597351676 878506376
537507948 660550979 509417122 938615798 879832391
916897144 432731613 657573785 924106423 405775551
468602763 771385948 507252033 505424979 680257751
551889599 604807908 598850627 517775548 380944872
463999121 529092160 563614410 583334201 827751250
915306020 430239437 288487321 921412343 550651952
639068071 703477266 510309958 802770801 515673004
359321870 775792803 400271506 492183485 598191163
654810212 542913406 901386965 477661891 482872042
385758163 869226497 437203244 722000566 380881843
858402887 473945980 657194107 871625219 556507956
838987124 883124021 597803912 599429224 602575342
874720959 718967784 500088146 634880382 807102202
548607187 439687874 614365978 523564095 901329516
594566882 564757108 583976768 879990065 896145014
442227981 924295874 883933533 808230625 509992072
289892007 671410633 385894596 592934146 288399415
432845137 515633810 522343221 557625496 576708670
522103175 337500676 300708497 547966383 442903980
441424813 518966501 855748259 492610475 444657847
456880289 540572073 286025430 599912334 659228096
816338825 488093498 544266646 928432336 340233007
574825349 451439182 395604449 655436810 457008165
586004174 519739218 913753848 664964476 892327566
622767982 539356791 431513066 446655720 581759921
735945835 921077961 604861123 476610029 406170251
570591217 436302291 876699677 388128906 662003888
645468108 807387225 398988727 547966347 495513146
337452583 667312140 702713284 630336552 774281884
508576429 415265701 703990197 588263801 870946116
424481797 492240160 590624325 604698360 555110719
573522891 899051181 793869585 839263141 370531520
571829249 534202024 396879036 904513621 460008289
834818663 375584677 564480258 721094621 551876751
415071093 605058471 478831226 572210871 929968679
330769473 469308137 880629270 586597430 668710344
513697866 547508641 521942470 625268766 521634552
557238273 434136233 574367058 632261225 409673591
486999083 558267252 884985100 392899425 451395878
904517234 492085189 457396498 400183295 583282480
455193014 488748114 582628075 904899652 544685598
550400491 557835389 516305686 479101492 382488799
578832280 940044413 426723569 886068875 595459020
691755059 891244123 560023797 932267193 388882339
327046574 425592223 384418985 585146605 474689857
702785058 688872328 721782955 773099456 658226642
944941103 411084404 901661056 466382531 568818525
596678913 852446368 421319316 431275536 673859915
635709790 428456891 549670722 583232186 646605279
382028327 674657235 569077959 886267802 297596317
928994522 289429962 792645019 479302632 551513412
426034047 526656317 647007351 868638564 935289787
567326600 375300540 429865918 405224089 686478938
909588000 910827443 600501963 471284983 471295640
623385416 331269951 550103031 511752119 464241185
552608723 310234284 779329083 555254418 582560267
484454335 605720134 527816172 784508453 771607370
524570354 404504305 498902488 450263811 399094624
792701496 896611557 575673047 824293160 388146479
367210333 413226907 691069352 538337735 602776294
596328968 717848892 691131829 666875101 478912950
945084007 572854606 461376209 631897781 903809690
518292740 696882380 391905347 559778177 917318984
513719609 837274884 883125430 924391575 432285358
557553581 537923615 496228116 592183537 499808059
370144484 482393874 659308462 744070884 359478823
598065598 452205871 838633689 885575488 672642798
348933044 903810618 876378436 577538534 739795606
773046917 363724891 391493687 497768384 345542655
435888179 441044210 822368308 619856619 629031949
579607682 405895275 645812279 924107981 391321205
593711665 572811501 892677287 550873910 568570665
664381851 749911885 420954273 827602584 919097284
633424998 563886253 586923838 503031635 483498302
552843395 762920888 598878246 931735837 598536917
605648445 407303228 543803301 465680824 926368356
328218429 523422151 608958371 613848947 669365304
583224587 404970558 698192263 589376740 390860325
896627066 591082438 891437429 687287235 823499224
929346489 771808916 881267423 612692807 301049096
768029617 490095481 580083943 666185759 579456113
833368283 333830076 941028000 662140296 587728634
501286181 527626812 627260886 927285967 468591734
519058033 721865774 882169523 372816441 694019212
492610515 605659826 504487370 581877981 886621471
474517295 463999002 610501485 385454829 900011249
704988321 832732487 570942757 523088234 455491713
492813060 473157167 497977630 573813995 556796504
687583685 423222864 499526311 553413304 680503254
544645375 473157176 436955757 481623941 799210957
471288876 480454364 489531402 364361728 899156887
579380542 861268156 423208536 583222866 417929327
429500141 569631758 912078687 408842260 534568162
591600601 744955885 672309140 527602297 605781148
685852601 545035436 449512733 531641714 810838196
447519370 547274918 422561587 693050796 919448909
480111612 885018168 785325022 553437963 743420892
890740165 520090927 848787814 722126348 513001208
832177754 510282524 702774340 641060385 619814752
694009326 571624068 592946009 703393299 594385563
531263519 492164489 652146988 802861990 530083285
817330765 852361751 497946514 862507242 471276434
517845106 497260624 664573705 507930776 495105686
469311743 718749633 496212596 893151208 414031594
679580783 639479229 597886348 465808036 353433937
475752315 897942673 542701020 928968376 583849946
537544826 929925667 562157163 900279932 502303586
702774332 718082838 494503267 738164919 418785500
821437884 513828657 816102848 414844338 611091482
587595362 913898353 908216380 789869329 520521459
639479288 660596401 570700659 903371776 393489843
407930889 492652361 620999789 510895892 891535794
414441509 423564212 676647053 432477263 618318388
789121172 466387378 868035385 536423333 539435465
721094770 637473972 566815525 672658828 525390505
504487322 836558771 852507846 382373458 592447445
673128426 415180218 695077811 933224459 552247636
546970753 412565941 546557173 414942730 789299968
465020202 909215494 590413239 592689585 600752772
485623995 699561166 554548545 658800771 574747474
590394988 469444271 737699842 451410596 569078735
526667136 576941441 918445642 546599922 669331208
424472218 429704844 537876054 633100278 428835548
465282129 618112441 685394384 659289317 864934304
867993088 478857971 398853199 545593949 660963242
459717756 585081466 534440623 852801667 895072405
553188659 514528612 546829070 690333296 835971507
573145238 369302790 580050303 869296644 933868168
566193656 669952796 393021343 903855254 662837225
486376930 569331902 421753493 574405739 544583082
350028121 899386225 348604385 641433148 902928767
597803342 383915209 924802307 436138834 438477986
460177396 581469304 874726939 618065539 893726889
667945907 459688716 937662528 845129661 432735322
568369010 372286781 497251938 919092574 619674902
768614029 681809935 487070753 493264256 792782165
626263627 417076117 417744522 572874799 620242873
452707806 913888894 370704734 826292491 680473714
915684584 881416373 544301566 869195989 879018550
505439865 338462714 487069717 618065504 494179581
825433065 531791266 643538703 587697731 550920929
413972901 591805023 422621403 392550386 393860589
863882795 617622394 501009725 680531420 384041016
546638314 563885489 504847776 651370630 827404125
710244945 689682497 897007911 436919941 325355105
669881833 747175884 587697714 550036836 584293738
300311831 508668322 723334313 400414459 722073635
777677938 578894239 527423710 932359962 451419414
491698952 521226546 592340839 545524519 412576710
400169658 639521073 581874896 911832755 414254039
351982780 562739455 735678888 498447321 806127449
656113558 946681769 630595984 476509045 584710005
939099700 826390890 879061388 581036318 554087785
798596946 493913166 577257803 670857888 819165089
867419522 660229337 391599899 476524674 608519321
557871911 500994259 598125426 351896392 654630707
486292808 577208756 717843901 633522169 531041564
495099731 454390333 579858439 711464032 824318267
451411050 478862548 871566232 810134830 488692003
441813332 329472198 589398887 342114343 326426737
812591753 666238196 414677661 610418083 644865607
794296000 741917642 885744540 409588334 414652461
439565298 741249242 565050268 568846772 529939259
547904729 489711170 495859197 503815565 504256000
471840648 584340679 672623637 435178679 532437405
460459302 881773737 916508346 526079428 656095258
465884560 798519009 814656403 799317270 870302704
539376428 552866502 700782090 646606856 561901492
876257489 535402122 309285149 417335401 923262381
511832182 873887501 654657007 293283136 661192272
780182907 388356807 663387077 736189930 385275533
391624600 635762785 854575790 320066777 431797358
670857900 436323389 766261515 766910797 792345892
868674680 494846053 718121526 413817051 290806829
841970939 437182766 561509369 702646604 364303521
446780039 782353612 916132896 862296141 783487152
680506390 834307183 475668615 657304081 711923885
912609816 416009599 623837600 878534329 882365789
731360705 561697271 508736939 365886172 830443021
494357907 451881379 818609413 853087449 392893395
601935043 531605544 640032822 557130558 326461840
520604518 447997168 581548701 738878150 454089319
710409278 589023295 891988360 913785671 292987597
470503827 543891605 326885152 440963190 403513615
630986230 640124338 463250088 511840670 439705977
640141908 641049496 335126084 498449887 806995720
849888145 563464458 684066564 313401238 767959867
622513872 631056765 830022184 320479357 931339581
612673368 838310397 509471262 509307767 451441787
670169060 578166241 669326758 655426839 923960562
582881720 560108961 468520895 395900517 545518754
580311103 372332300 899994377 629509551 411653596
876402857 561661270 673174567 611188741 825562611
502046597 645214476 939477192 690802539 601372174
400188813 406473568 454163983 416507241 521047809
451407554 896979723 287645337 400632898 582519881
533305272 910037492 826152229 480882372 555610791
640410532 497108157 518568768 804745434 556542177
547166868 597782889 576308139 687625208 486414195
876312885 431616886 739143032 543134887 700689999
691767562 529509413 595274174 388835399 586379597
366479443 886101349 553766920 893673936 658720208
401323082 449811208 525974202 566529043 707332884
425989155 421254504 508740157 526337312 442870561
668692393 400822075 436482773 448261966 550780860
874826445 929409556 351330048 335875911 527514962
705700238 804668503 714797806 870994697 514485964
504289955 385239625 942877878 714814035 595161478
680984697 511700298 728308971 913754563 502497336
449591262 657296702 920698021 614422483 554932176
660043060 914965532 665805853 865513259 295405621
664556557 477618130 594428080 587444069 523414777
564778834 403212687 898720622 403946648 432473881
873887399 518426085 471270590 429177928 547851748
461360911 579918442 599278991 369561875 492379602
608190187 668932381 431477571 530886005 597077261
865966758 547965502 341311361 534499518 750878078
547219875 753079884 451409160 512845430 898632563
547898088 876265950 373079007 550587020 509971816
518336083 834802838 561378101 382020249 552396167
503066901 883035842 906581298 912465316 718063892
544183863 604684438 783671901 583446403 789839298
538285186 575069438 781384048 468566155 863196620
527824265 454936656 822475431 733144626 453652187
626130392 779327054 893305821 493497188 561679546
508969677 577327351 454567726 586595924 595072909
554088976 496220844 783518885 495369748 504751530
591591424 403135938 511846756 536476423 607974779
463426725 326795061 697988793 504763517 301865751
680520708 695090127 920393572 471851341 668518784
435009556 467079491 347331305 554045817 480870375
623236693 522714789 703369364 405750770 914630560
451729703 406279258 511833417 882672759 787467589
474398919 681082245 768051563 691061175 681790074
467489894 533386937 727586897 680575877 898632558
599541255 599919471 498465105 768735011 867462545
401597656 517195311 786185899 437167257 652754449
612297651 450507565 552208286 732696650 515900243
453761271 825504093 858283863 539297584 888342075
372416575 673857304 312618509 808027845 471864743
449683813 931069611 704186896 899897335 475278804
440740108 671567196 478687481 915793755 654101879
926186435 546074450 600425212 575833903 771378256
690545769 719168900 727370922 635605928 605158084
495705977 386098453 526363971 692618949 578965167
783639886 635317978 734258668 425106849 449504071
585590037 445354524 490451886 687852197 473061653
364189500 479480991 341446764 530096786 488032159
939906112 703296373 635064631 373563856 785201538
429880555 548751986 619775782 679753195 642273375
489861073 784797900 435226451 690614145 305727658
592453480 635263304 852856983 886233493 423081026
932723216 749118884 435072839 465816319 498211007
551238098 565947944 630156338 369970819 789648713
335734063 573868981 399423833 649421229 646719781
727370953 443493892 591382716 570163577 448080369
789609142 292738169 645396723 918815150 561386670
917622062 404154726 394370957 429892969 469909293
492511944 587666766 644150963 728153765 826184770
459374562 645811920 887181322 693997323 510564940
576251684 896662473 874268247 567057521 629889162
464228697 861800492 428832452 709019971 364287933
931266084 477705779 486769257 737745239 388917170
427948553 306061384 868681902 378011496 919357962
554109893 765421210 876876309 567429358 849808131
597213126 827628584 415424368 534444024 626100497
661772541 494841873 669307716 450747436 925481689
496465537 722814367 738428692 660026480 842425242
333144766 570151069 805924085 695508622 681418749
653489015 865807057 348147113 797462601 548227953
415895704 623201967 435467204 456524895 530041672
920765610 563141826 534471644 347840721 294056623
440844625 650703278 606143873 893931784 594200277
914390559 581667261 557876826 871754807 919403858
477109695 524623166 392640258 588029735 503894464
838243644 492854612 377199640 688133470 843182343
512467997 648896490 526005265 546505307 363729560
377981891 476218730 419246284 451457447 783510026
526643194 825182996 868050791 907366587 944803251
481959328 914437694 501653691 496551959 552304005
530009523 444977229 476555713 398552083 554606249
394588882 629823465 755417886 877600237 488691317
718023212 576977640 552265765 500014252 554913346
797340459 588486182 768602275 805968521 517585333
414706506 708986164 441760154 530114052 641417716
880918005 386772115 852183326 898867858 823327900
723451259 569039390 569774571 500394922 918079516
425610060 579630181 534566874 584398176 506594133
839462672 601932959 942371281 626602105 785278423
903782554 557838765 434389347 688145091 535044549
692575030 545995306 505423110 512138888 593213843
920265333 632344648 898213812 398306663 545134889
700322851 887690038 906324709 907329810 606826423
632994677 561365197 395064379 660050578 366081033
401097151 391421176 457475022 397359399 487524584
487071813 789758950 792186187 878912385 883515608
507438471 451718911 539941258 871078062 727364958
458429827 450460735 295458474 319448334 568605495
570876291 883117291 446912582 945636249 827501531
783256236 588985660 400848995 469358664 568826478
504275455 844044160 598512927 292760731 814288775
470520637 634090795 413265101 373003546 817311888
811756607 496795035 472895750 494495470 871094918
865064592 494907690 432046643 485362757 595870231
878852185 490053329 912262925 339041767 556164350
535401093 703274598 946690025 496177499 743156889
410896080 520725526 897447840 452983007 561892747
575846819 877947245 357467791 885425676 593813157
389114621 616637955 495866441 793076829 433341931
299853944 669867311 448032617 923916267 504708531
891609371 293561396 512925773 494877353 605037069
920741290 740593101 897771473 391732937 368684456
408384685 537582808 941260064 536128977 834854351
517655323 823806906 625155752 794348028 932358883
383087477 632252552 567167525 466336063 575813080
575131761 612356887 570968326 730787977 531654779
645222862 550928207 757639179 466966101 657203175
797057005 593780622 412136901 326168000 492534636
420744028 538427147 358979985 372836496 874721889
923814231 431556580 493893997 701537885 432274380
879914373 518292415 541860561 603097018 416769786
894329475 902995948 366401924 734144770 504726390
549996649 899407067 819151933 401402454 478686297
498934202 547628658 531268014 901284508 334265345
600474524 589425434 641465464 827472473 640036587
660616784 778773354 494520920 828808347 610282087
687445178 800432594 902280957 406341239 949058967
404876207 577752356 756904853 513163357 434038228
687227269 385799946 399452287 477031598 578828585
518914021 384083725 430549637 666324755 648814073
506040727 937714436 582567494 393774982 498454348
521494976 569778005 824329118 768002043 893920936
594735328 833465886 934263285 442609227 930467975
498983604 923276706 912319557 812291664 529566288
790011015 391597058 563794295 565200595 467358903
595277934 775500217 515777722 892268363 775480886
415592784 685816634 570942564 926202053 831465884
562175576 866018463 669911832 489128989 796213236
578498751 565086468 591591607 710076760 366082433
882362024 560525245 896628003 864870407 349812998
450531273 582121446 459393692 704573061 866641585
654858601 660669798 919543799 656096797 694981416
689894703 527856624 931201445 571393580 799229832
489792323 438434686 719359679 464587184 790013634
951391678 886071311 586923340 650795652 431546870
852299931 528404229 913879361 531039060 513840650
523301695 611038954 451461336 771396408 650739354
408451987 574729791 414424495 931830037 281941097
634287545 583311988 714004857 316801880 694032803
648769691 560420655 680128432 882670095 687567536
909967182 700390966 573157582 399648212 380460611
520556681 738878340 655895351 456193132 498515737
440716536 499234845 743974886 467923997 592669658
859204347 560557554 471236050 519942740 530424200
559998664 467596498 883921127 473949573 318906314
586858937 545714213 898711961 510923190 466847531
534527380 546225652 626091831 529026280 602068540
448278890 380520716 403675608 301645072 452031273
452696061 427954094 756928823 917576638 407671445
569052259 576220851 692749278 582934943 554607728
722762523 732310216 858439697 480928461 384056825
802941221 897445378 340268949 571961152 718873886
727555549 402777230 414418794 583843474 508403184
625989440 539431828 893978209 468663334 806223188
721780792 333201813 508350271 483402254 415640599
379980390 284675296 681083763 561391386 633963231
651867259 927479189 457817171 494796567 694931309
434604137 919061761 824037184 652711040 656124384
869258244 559798172 671393381 377194688 951391613
927949239 365532547 560455663 533047602 479159295
924430378 938026694 618584941 637990930 720063540
765214962 545263642 496177326 576230029 436145694
659212973 864837051 436812975 460869879 890166419
487208913 876817884 525651447 424778388 875913887
520725607 503480770 766894667 554316510 786269030
386495059 804467133 423765414 789150905 919789489
743518895 685283302 561643327 538422414 687077116
760304378 606690664 909970893 714109929 480929061
579255069 543209000 394384917 443800063 748083898
416384932 543620452 439836463 503491438 805162296
373500505 456097208 856659483 596677182 434207598
349442137 528936775 640957303 628458971 814937389
586159169 306273816 741889923 730209957 633898592
482534452 594134071 866033151 561392641 577372508
799638983 814860539 701849884 647178187 396764924
446328010 453423196 484822048 584291418 460363430
868013618 546319014 594431442 861891048 421791629
688699710 688704872 391076447 505414479 626608159
703327328 649240962 515094775 708536998 435588892
562136065 447050799 767319014 644243300 517872242
463401223 623187318 556890983 548916891 830691157
378443744 824006052 429504851 721704182 525363783
840072160 582580345 823254501 489321253 437052214
369535757 305038764 660022785 450488501 476662435
533803475 483984066 370139302 330897901 513715684
570118289 377436288 488051175 563449368 541534441
406762826 947356841 556820250 669384838 488051168
305630104 459374550 570977075 400119299 597986893
458612385 883621402 421366970 515800638 927842460
517108339 473907637 600744174 829514009 883084984
886700278 504776631 551782765 405033836 930782276
820688058 498010853 916154311 399211291 932749620
887737070 909824890 512095037 904538645 872983484
862253100 370957531 686372274 547602139 561892597
366794783 501612989 768594900 591012101 729464296
404470174 416501226 472899189 527093148 470154924
530096977 492022037 561866269 584337138 471299582
545999532 534079614 476284822 697272050 535353056
489371513 431218690 880860900 333925239 489456925
848416546 501372957 433599665 595295656 796060933
485550986 553114580 452181903 466951815 318038618
930404305 466222291 433852509 603960909 687318361
720709495 685404760 702774708 321493106 838850015
700902548 293523031 665811972 521455531 524709691
625009752 660766467 597830453 571824740 949359904
398554418 523949544 526364662 639534082 533047596
929962162 443895990 914406335 781307663 913891154
807996799 438865278 443905846 684174646 533365065
790023126 655994947 746894884 791092159 875350884
690700784 402644194 793868751 652079241 858269135
591576108 527771173 806320241 370901118 578834522
498473371 504270602 503757985 598266686 490062954
681204706 547232326 580044736 330595774 664554145
412710421 928963926 515886922 536579081 341769623
399999515 582669232 838479082 400181250 583927407
479464283 695415794 635587488 918364007 575430887
684065537 704237014 933117595 879080266 820004378
848160327 901276019 564593804 382536356 448868689
766375562 807369952 768034589 406292096 562152709
362879359 545609647 387673058 416749463 571835442
410175725 558579262 378282309 417207307 581202149
666744241 799667121 448662326 553162255 548920057
672989755 604897665 285281827 936560520 577683648
408888036 317821764 590217740 751240885 564087258
501945443 509070714 828255345 916240764 449780743
894234843 458303871 576982377 520137670 686425241
522377139 747322884 430133691 793777524 720721181
596402997 903728296 868304297 419601797 561059621
852180545 934678866 561373519 717175891 530427076
876552899 440045374 785988886 587341901 638751954
773003036 487526576 622479037 623165225 909195475
928302582 449592266 552237042 548270497 483338733
579192956 593065604 514149854 622428901 662875951
702178487 526625728 551341517 373771458 378435087
437274187 835444886 304980796 477678113 510886627
508705481 695074372 904827467 743669894 705649042
597084940 385800891 549411194 617621225 794405356
443131313 379170213 496553371 523508606 668416489
530802453 638131753 926165132 506490585 534482066
396322418 457817061 780382949 314841648 432274183
562168693 834805518 527043658 639640880 643781589
606190854 951391528 414461255 419877764 594787517
730931774 571552465 627877339 710433404 666148534
358961983 863083436 656032048 451458574 646458053
493250085 614153824 647031559 926008312 480022183
809768489 919465801 864913872 647627184 468364425
885770347 899079684 468085748 404706471 597340105
793032141 814771064 439884658 510301841 524907236
437814235 906586411 440245895 465593997 558767950
581460240 673576236 419438712 364370895 838250590
578134172 670497403 623183051 429405008 906592293
672796476 739076360 560720748 698558989 536091314
899049838 412350659 417373312 604682233 628109928
945661872 592301676 808539605 399180363 476232877
291070079 694017083 476561112 906626167 492877074
552799694 406174482 566505313 469894441 511810494
549404480 309735670 574279132 935575567 600387059
939532557 515802136 416524151 777216110 472611804
595908347 495440838 347870914 739141997 625602510
354633849 541020078 591713931 356981935 387682790
888621464 452951390 538334373 919052037 516561342
608206510 363369132 473621969 909195560 378697811
791436965 866953573 585469938 629932393 478834039
492190063 426695725 518084952 714612379 882364077
481572613 489191124 585161245 596946635 891535485
924893594 578419249 312291660 533185430 424162537
510312832 506669652 421719197 470193618 541887994
911214742 514555804 531581463 728574090 658332480
554616723 456122649 404454297 482453089 524005851
308964013 364894352 643163288 483548556 627878792
897003024 381920038 395928453 483014900 790175212
505780419 505102216 905768387 768668150 881415445
700326207 428920239 878120888 465633658 902705425
602990823 441905534 553095908 666172178 491856356
857669215 523822869 623705299 619682038 671797170
595961489 472642916 894700455 490556516 859998142
583291732 672135974 934707264 379529231 555215970
666197497 577646727 466393968 590352835 431039201
719008595 440129616 625166141 874792979 396541253
649260126 572953702 594429947 903246967 900993924
600186898 940033240 606680179 322522894 373975518
897855436 650715247 470428362 451919198 503568279
460280761 563172636 406161135 432262208 840613128
791297521 566535238 492861440 875279407 563830686
731368203 583313558 547734410 292181641 557839389
937107834 881394886 377818738 538237942 897817891
885668623 710563495 461578295 455447012 655012687
494206610 590416287 511878812 581433708 783917884
737600469 827553733 721968251 875136537 642821482
927468788 904545434 734323795 375165547 434363468
438446422 463445869 541436434 560983096 415318067
604383363 460979760 689244361 880611739 587238847
934401986 556002124 654898456 376812381 443919067
586891794 641333599 607077362 427910285 835844058
505067412 410175860 602773895 839545774 601277291
706784897 944101171 367278030 668502871 806084148
393497156 441222301 598253277 500538478 726335461
406090302 626674933 868680924 494025243 667257543
833465773 568834332 437197527 523730130 433865746
507768317 891195535 523044798 542158619 540949418
485234591 468650414 848273919 532842363 408497271
791454711 682286685 464227043 646279391 539139617
481595391 916422089 817935306 567920986 771539732
466193665 435887516 734147264 417204570 471274575
688646555 928248418 603942465 946280701 469908707
635603653 443631685 476561266 796264621 531031781
508853586 349321375 382023042 661561654 450758403
580715084 290537970 422844108 483062554 878832819
429642492 942453489 300395940 756500903 430797615
557524442 587762895 787845023 553115186 685838913
444304133 553115181 440185993 843006560 403920443
441901062 378586144 302689971 469347040 663690187
419274804 571665210 364209241 528073406 417547679
666614579 404906435 536977628 847175546 539875792
871640152 364616485 797257399 893677035 396186974
777457068 905847844 547199322 584733204 625784547
463109062 650235888 494200300 571745670 286058814
478334726 566232913 390545881 448840138 687201591
517675279 847519740 621194818 326275513 939526827
455902495 569822861 719443738 636511657 402431189
585547168 605665630 623072025 923212406 819798236
470865540 735064975 565103559 498766043 437791534
915635243 798793893 347204956 421817720 933034219
762144812 392489854 418697142 596649747 509988200
482538698 521977772 575109564 543615601 499819758
419909179 454182500 455288926 702838982 469326959
808203845 765368183 412386596 551941147 439226082
615186726 656617797 692236582 880574358 480645514
715478260 867546243 436330264 628281129 654460660
428243918 403294924 529652920 694927036 562155297
371418743 581496805 388923203 763317525 925245214
504498741 482537341 566614669 446056647 610516268
583289298 444523796 421356947 451406740 308609213
753794884 643520927 408828994 834184294 889698558
374236398 392680566 458620165 369550718 635805787
468669459 722179449 508869757 666834335 550971382
616597366 510623322 600778104 409988078 816781938
633819869 914807615 393542270 860480866 626776936
731838666 494842499 796310093 588013838 415882027
478243255 459343655 562844761 766650566 450982568
486032111 788693206 434626128 624985840 778481624
944971422 772497910 814977603 516242197 518213356
861484272 491277300 923256826 393858519 576292561
684084544 493226494 532459921 405460633 535151605
825355393 512322832 595716181 910062893 593322255
577258641 645454044 867477963 545232512 727459432
555226580 537089648 672729556 696673364 397425651
523091250 638066013 442879358 560447212 725215120
475212615 743404928 619165119 563263740 775765940
771684636 465292894 548590869 820279943 535378448
908416094 411179949 945551352 703366152 474207297
550168149 701552909 719765848 438496614 640046241
511810335 691244553 792331884 417299036 577232024
653295053 337552456 550378244 567740966 495904593
573445682 734335177 451441065 727459407 628288280
595563753 731191999 429880479 637607757 540783918
605713682 739633035 611139274 595295453 374917341
768620747 460013304 659418241 704984197 718027020
538212549 906233043 560586497 456157108 527218499
802676924 524457007 903453889 477971565 854279668
353404314 667809404 806809930 401112045 683108534
729548989 665156116 557123754 353952362 578969985
557076883 826545387 442899779 486185699 546983235
438884796 898642431 619847553 927371260 368164617
579996308 476281976 471231311 465059515 473136463
447309063 422262260 880869480 886599263 595563830
595939515 377656457 615188296 348715624 639390449
487556476 375551811 491648052 472626104 471739998
699464463 597879895 667856615 570855707 841152122
413968252 943695434 565031428 456700444 446749756
694983117 945294857 691963139 580792854 608009254
372803169 327592544 603527166 932606106 558059563
875199338 519178415 917501864 411798297 553421179
336503024 542626407 698626082 670715427 598560728
451467025 549504807 586871187 482877831 701474993
351556135 423560031 647668572 421316300 430292373
472402294 937048752 519076558 909110675 687363159
586937852 921992163 485245333 598508624 935569593
391253358 828894776 574190212 628006490 574691082
821234247 428458466 941532190 468654361 405325225
865949831 736546314 821445271 594458320 887349103
791082964 942349131 882498693 386128385 545623778
507685617 378640003 451036875 651359060 674987758
489187848 426702477 757992884 805598590 575816974
355893984 483164375 527219710 525637784 308750436
635716354 899459369 425901478 430676177 422689480
547535131 388624444 479875337 711666913 939993809
690719570 660036257 930768151 512211077 496173581
517668173 922541792 446591353 704795889 844999156
865886256 672638363 705934362 438380069 468904447
903638565 870094110 414323798 910067757 442663481
511127322 477630190 806672325 670131866 467588303
926704674 435034189 359580639 425403515 680138302
662069109 619586192 518921938 892187829 659849698
288499125 628517073 512140723 694972182 519544089
368492811 435363842 508809445 346785717 388358640
484831260 797330635 909254279 858138176 477046153
457818173 646738975 701176459 806080899 517196178
524959973 885306776 338088432 436698676 590689678
898129576 405496989 824108582 540648633 670834110
304583915 615851039 649761691 573570670 588639876
691701826 549743255 695108484 482857365 778368902
637311729 418512183 564177498 749378943 714854182
554416902 933483893 423689500 765273418 689873377
556430421 524984991 536281014 303714737 580157853
936555594 654952269 724594705 590216134 583555212
481294742 297522823 379403071 382275734 413469581
478824882 717831223 304075989 785425136 444660236
600411407 769442999 582793368 520780789 367346406
934267190 472897119 586490187 711564469 441977097
731360719 401652826 412620067 408793404 579227289
554444147 563015548 878940805 492042750 540360389
668431820 434808276 906927198 583845719 579217019
703071428 887293876 690557567 383602261 509531323
506983515 421697422 587465435 407964906 476622969
864027750 476621639 477952414 633401540 419840202
586167632 480475416 491252336 924356444 578187465
450133667 443330281 663178272 783564872 373939578
525673336 325962257 543101460 932279945 552305916
735663263 627370256 580529404 522024538 640175976
867964741 650265373 777583016 561416817 546417608
511889746 534443976 595944401 524363836 496777635
572399530 547825550 825626585 508760025 514372496
441216060 635830970 482466538 293038644 597847507
773004167 522699768 635774918 681045199 482453201
309363810 819109190 447300657 479904046 686315223
685784962 826413492 519311900 592673302 789633898
489348600 876815509 514571261 480209474 503936031
845354988 510879762 517234254 564748226 705513516
884472650 427555239 419870889 715336984 881826983
563776929 669988080 536880986 574443485 388927426
549750492 908704961 477649367 606802882 439693320
862922415 453417814 516551775 466317305 547534137
639930688 915341277 566836528 865913946 881836296
853490128 373903654 547927629 564092353 945551136
793611266 910851807 366373827 470946258 409367154
537502250 621986255 924737899 529479190 325594202
578831782 657333602 486894004 603425027 760661078
580025951 627784027 486154808 839477606 529426628
409671864 652847776 442379296 913292932 365460856
514985053 592016678 727871636 299029583 683952061
531705691 525347234 543121916 374193035 557518381
501903087 545184635 382157180 735116949 679003776
501941390 545244802 398443927 480591673 583265229
852214607 726811608 914433603 524342123 926097919
717176666 488533231 494843055 411134419 634242248
529720088 595203239 631272228 428458289 570183002
938707228 433109352 521420570 834966054 417601403
796787028 445182038 911703843 827197763 703709899
844119898 864653361 478655528 705696942 686377410
834110307 578083468 460093793 495704311 463142728
579489120 733258917 793165153 688693136 382364496
424586945 694610746 683978652 576261773 654818189
385907472 584194652 635146604 359022775 660684479
689925085 757666618 458365685 434364551 563745759
427387548 583701941 863937335 866843206 406013089
777547370 569778432 537111474 888983377 433365424
573851453 718172069 838803310 854530278 665638178
432531914 491209495 780129115 499978982 921942936
460826497 476461999 545235033 688127701 716707933
670872227 575816608 764594447 892746442 394882663
550836077 741563135 528115988 861796017 516454616
493976598 882672281 523045896 694684732 543202147
348206286 466778987 520148001 373804194 508684638
833669917 641423096 673948279 426364250 794032303
435676573 765322912 665779896 598292654 808252856
441266015 535060247 710356947 492956233 408371819
552370086 322447301 886497249 518964770 633335631
469784564 888615473 836511354 583798880 528703146
666161205 698490263 571171205 413879570 367623543
583684936 564169039 769737983 561350520 766398722
768444891 467890580 705774363 364147881 887297387
722198741 799333889 680380463 667874982 552803182
599836194 421227597 595246355 508684678 414890110
744877144 502420356 415172659 533744303 502453941
868793557 705126228 438949960 648697515 874860550
440159265 552805935 572225986 595671076 367346555
813530119 668417476 594097196 798679972 919440961
596650556 583554043 413035554 505924849 587762754
917966799 722136644 866976902 887328922 445297387
416266455 808431586 552221806 871675819 544631566
587774712 727405479 881266910 474207429 450407175
796885350 661542160 514837985 517621626 888948990
594297439 390019536 469873047 843145516 600787650
686817821 571931701 459407288 558778707 549872444
555741707 521476782 653390868 919425347 663027557
918374674 378722461 504472343 793159174 439841363
538412608 509427310 641052740 578877198 543200805
596338556 592639518 594958033 540231071 446742450
553834731 535701918 364802332 672728036 595875618
631337386 512465379 583279696 633397758 887775886
633397752 698195346 380288414 493859741 653303795
929902064 570117368 403081111 682180912 682341693
375608394 453387591 421358291 800783970 607708164
584326889 440516179 466392993 518571812 725215315
515267237 895735184 427741001 574402769 862312367
591795091 563249220 760127114 929410712 524923858
535376908 457575880 949782403 841982884 440950455
508006561 446320556 527471088 553422188 488125473
575737564 483486123 700878921 669235461 619280136
583813177 418244306 646665738 936203047 306862897
416050626 555252645 597487820 398129933 398007734
738980547 415894286 426285060 922486324 807906021
948995743 683740908 571323942 747411888 657650456
538068525 583436811 571936535 476435807 463238629
507040546 543439591 453645225 473208295 888044915
794349162 469290432 361319719 380876743 391254959
694755494 621179415 734191713 947472710 545129804
876345563 867210887 947797601 486244601 807290884
444451868 466052219 891536272 521952716 634244746
771068291 515226780 808589838 833349999 335348262
883081468 928640355 489106688 440172672 933091728
370828183 670932470 567725209 630429447 527141669
911793120 751296885 441205230 504263924 534923260
850298936 547551599 557846833 321745474 439118019
674962256 417694704 606801616 498516437 585661281
441457218 512899353 476622786 573946764 536476697
942435348 411224276 507391604 530410090 909961594
309025938 673547322 798557696 587398135 554188888
505119166 463371412 530097986 903335240 686878792
406141511 352275896 505311207 535954869 874813199
648193875 738256638 447919187 908560955 409301485
396343955 434568460 518026818 680968025 411263894
513902154 519955538 532012959 581834077 825363900
470479380 837533060 501338640 880961990 531333817
373739470 487158759 935123859 651372247 361404839
663679648 392202446 736721003 909669055 601437586
460700498 320866163 401827947 504248309 631181194
550983558 436336571 450464530 409381562 554438153
342790296 608292324 419869209 469905949 598573008
647203287 382195332 525944296 577265728 658572136
436414552 767379947 592704749 379244897 382434036
421384383 479480717 524637144 649196994 935696662
411871569 495234394 891634931 593811634 639672976
561465416 507963687 890370245 573468171 403961165
531079943 722630355 404368189 436670930 423548144
903862771 893975579 720652541 816849933 468990198
854954715 853622281 570589697 672093792 590217303
757551534 896842094 419261235 496212719 585564221
567089870 923692834 688916621 624591204 475308470
799399518 622498500 936205710 524766650 661050795
555257441 422572351 788385091 806073593 467088669
795844344 904148679 501150514 440384563 913429858
725299011 520802798 887297283 534134435 479181299
675032363 725336484 521964741 877511169 579659539
657081443 446631941 722072948 558808946 871765404
738947042 504255483 503783839 579627501 824421012
567973100 525693179 412370739 718088192 477396129
520326878 532426422 577194830 839696771 404872997
947826554 463685604 362295431 646248555 862228531
939895684 663268310 767383124 534960206 601846938
731868291 892277560 534477193 649738647 471672630
581450316 694633015 843681162 680168025 905871630
585100447 424995513
